SAT with the following box:
        time_10 : [0.02591133117675781 , 0.02652109414339066];
         x_10_t : [0.4499999999999999 , 0.4503134919308075];
         x_10_0 : [0.4532743594906747 , 0.4535905752792095];
         v_10_0 : 0;
        mode_10 : 1;
          v_9_t : 0;
          x_9_t : [0.4532709630727773 , 0.4535905752792094];
          x_9_0 : 0;
          v_9_0 : [3.118123568115799 , 3.119274876497379];
         time_9 : [0.2973624520999016 , 0.2974657111837863];
         mode_9 : 2;
          v_8_t : [-3.465860973885976 , -3.464581742350888];
          x_8_t : 0;
          x_8_0 : [0.6862539272114921 , 0.6867844681477859];
         mode_8 : 1;
         v_10_t : [-0.2583619331071039 , -0.252515094440308];
         time_7 : [0.3640183916256846 , 0.3641585342300816];
          v_7_t : 0;
          x_3_0 : 0;
         mode_1 : 2;
          x_2_t : 0;
         mode_3 : 2;
          v_4_0 : 0;
          v_2_t : [-7.374854165818551 , -7.374262148848877];
         time_2 : [0.9186994212516391 , 0.9187974481906285];
          x_2_0 : [3.620128211655323 , 3.620760662239656];
          v_0_0 : 0;
          x_3_t : [1.874785110431604 , 1.87506204206666];
          x_0_0 : [8.720703125 , 8.73046875];
          v_2_0 : 0;
         time_0 : [1.481799139726308 , 1.482936525102787];
         mode_0 : 1;
          v_7_0 : [3.876192803468333 , 3.877783548057106];
         time_3 : [0.5911411072074465 , 0.5911934859084827];
          v_0_t : [-10.60407685562467 , -10.59822796999748];
          x_0_t : 0;
          v_3_0 : [6.636835933963991 , 6.637368749236695];
         time_4 : [0.6486984668508365 , 0.6491042103130838];
          v_1_0 : [9.538405172997734 , 9.543669170062197];
          v_1_t : 0;
          x_1_0 : 0;
         mode_2 : 1;
          v_3_t : 0;
          x_1_t : [3.617194886550297 , 3.620760323278688];
         time_8 : [0.3850397200951275 , 0.3851956487747238];
         mode_4 : 1;
          v_4_t : [-5.516394383063306 , -5.513485308471933];
          x_4_0 : [1.875200071981347 , 1.877385110595923];
          x_4_t : 0;
         mode_5 : 2;
          v_5_0 : [4.96213677762474 , 4.964754944756975];
          x_5_0 : 0;
          x_5_t : [1.093048882392512 , 1.094127192788937];
          v_8_0 : 0;
         time_1 : [0.8072063537529764 , 0.8075936486758338];
         time_6 : [0.4896729421707079 , 0.4898995344020418];
         time_5 : [0.4561495430873279 , 0.4563680702842135];
          v_5_t : 0;
         mode_6 : 1;
          v_6_0 : 0;
         mode_7 : 2;
          x_6_0 : [1.093180249398688 , 1.094127192788937];
          x_6_t : 0;
          v_6_t : [-4.308648386730118 , -4.306880892742592];
          x_7_0 : 0;
          x_7_t : [0.6862539272114921 , 0.6867844681477858]

